version https://git-lfs.github.com/spec/v1
oid sha256:916f90a732f3ad42f836f8a1dbb0d608e6f2b4f7fae851dfd8aa92c848183d84
size 130808200
